        0  
 -.227193  
 1.350843  
 1.105559  
  .065499  
 1.681189  
 1.051365  
  .481928  
 1.107111  
  .670957  
  .464108  
 1.836743  
 1.679286  
 -.197756  
   .43517  
 3.014107  
 3.454317  
  .021981  
  .724968  
 1.682866  
 -.122559  
 1.750593  
  .420311  
  .496405  
 -.427446  
 2.727425  
  .763409  
 1.019839  
 2.333755  
  .635441  
  .841708  
 1.028998  
  .912796  
 1.321035  
 2.011743  
 1.129127  
 1.805674  
  .462904  
  2.57631  
 1.467409  
  .872475  
  .093516  
  .604181  
 -.200388  
  2.07187  
  .688051  
  .791397  
 1.046997  
  .683076  
 1.343496  
 1.120384  
 1.549378  
 2.036845  
 2.605986  
 1.635561  
  1.56343  
 1.511889  
  .041317  
 1.963155  
  .728493  
  .315856  
  .236518  
 1.490254  
  .314755  
  .426052  
  .637431  
 1.379939  
 -.244902  
 1.481058  
 1.108934  
  .953468  
  .667102  
 1.029586  
  .843478  
  .875664  
 -.857759  
 -.502008  
 -.082487  
 1.912226  
 2.486983  
 -.001457  
 1.606701  
  .316983  
  .947397  
  .233905  
 -.829528  
  .068713  
 1.078644  
 2.705929  
 -.274664  
 -.033199  
 1.020182  
 1.977716  
 1.788653  
 -.173774  
  .826626  
 2.239802  
 1.885908  
 1.163475  
 1.746055  
  -.08216  
 2.125343  
 2.389856  
 1.304304  
 2.049398  
  .097913  
 -.625447  
 1.030365  
 -.576247  
    .3808  
 3.274093  
  .273334  
  .506624  
  .196205  
 1.780561  
 1.760206  
 1.123169  
  .859575  
 1.354448  
 1.984501  
 1.284324  
 1.253606  
 1.275267  
  .904323  
 1.085952  
 1.066216  
  .347121  
 1.158968  
  .549206  
 -.022624  
 -.028608  
  .637111  
 1.343105  
 2.345807  
 -.472424  
  .038466  
  .389004  
 -.548399  
-1.352226  
 3.362546  
  .376121  
   -.8689  
 1.366759  
 1.475133  
 1.651252  
 2.075019  
 1.939285  
  .660788  
  .680002  
 1.284827  
 1.155514  
  .980592  
  .125765  
 1.358936  
 1.671945  
  1.26408  
 1.410089  
 1.551033  
 1.663883  
  .170863  
 2.478539  
 2.060891  
 1.682171  
  .556605  
  .315724  
  .554503  
  .832823  
  .622423  
 1.068624  
  .668875  
  .605181  
  .836872  
 -.472668  
 1.273547  
 1.069085  
 -.363408  
  .118473  
 1.521519  
  .662976  
 1.075088  
 1.390026  
 1.771199  
   .96222  
 1.345385  
 -.089362  
  .695231  
  .870627  
 3.090642  
 2.746736  
  .038192  
 2.092648  
  -.49917  
  .241694  
 -.747142  
-1.048061  
-2.112059  
 3.841729  
 3.698872  
 3.028711  
 1.161055  
 1.367628  
  .761939  
 -.285768  
 1.426888  
 1.132521  
 1.690053  
  -.36464  
 1.979924  
 1.965488  
 1.746288  
 -.643024  
 -.786713  
 3.896545  
  2.01849  
  .037643  
 2.406205  
  -.43134  
 2.003139  
 2.007212  
 1.865927  
  .538127  
 -.157618  
  .985766  
 1.048429  
  .497256  
 -.596648  
 2.743611  
  .425284  
  2.13466  
 3.425581  
 1.342794  
 1.412201  
 2.541811  
 1.216458  
 1.340357  
 -.366505  
 2.488104  
 1.609507  
 3.474073  
  4.08892  
 1.729971  
 1.631817  
  .612695  
  .387808  
  .822121  
 1.021094  
  .811754  
 1.585566  
 1.307537  
 1.732682  
 1.055846  
  .241404  
 1.757603  
   .47767  
 -.075926  
  .789414  
 -.040395  
 1.701483  
  .612787  
 1.386051  
  .965376  
 1.074342  
 1.167606  
 1.080153  
  .935306  
  .709327  
 -.554448  
 3.550468  
 -.540236  
 3.347881  
 2.392182  
  .604465  
 1.527836  
 -.026111  
  .276391  
 2.403788  
 2.993054  
-1.566124  
  .746482  
 1.981675  
 1.857826  
  .466696  
 1.276503  
 1.781473  
 1.790325  
  .633573  
  .508963  
 1.276575  
-1.660079  
 3.326278  
    .3131  
  .519576  
  .944692  
  .883685  
  .628325  
 2.158491  
 1.705993  
  .661337  
  .993741  
 1.625301  
 1.386594  
 2.311077  
 1.094725  
 1.934721  
 1.284487  
  .444353  
-1.273575  
 1.328612  
 -.100584  
 1.647043  
 1.929379  
 1.274574  
   .00445  
 -.130128  
  1.40259  
  .652095  
 1.884413  
  1.75076  
  .476057  
 2.667005  
 1.140381  
 2.827588  
 2.062508  
  1.57563  
 -.990241  
 -.382092  
 3.293976  
 -.313144  
  .939288  
  .729145  
  .564146  
  .022896  
 1.427589  
  .526747  
 1.247867  
 1.255771  
 -.546535  
 1.260206  
 1.464818  
  -.39039  
 -.432397  
 3.233499  
 2.024553  
 2.539697  
-1.079204  
 -.416301  
-1.142149  
 4.472163  
 1.742983  
 2.228227  
 -.453818  
 1.099657  
  .975453  
  .299621  
  .759296  
 1.615193  
  .967482  
 1.006417  
  .355364  
 1.518104  
  .326827  
   2.4603  
-1.444543  
-2.299948  
  .267963  
 3.899758  
 -.137782  
 -1.79588  
 7.008874  
  2.66704  
  .373739  
  .978908  
 2.186792  
  .079405  
 2.555171  
  .944388  
 2.585547  
  .110779  
 -.087894  
 3.644852  
 4.376901  
   .36372  
  .652681  
  .198852  
 1.754042  
  .694154  
  1.40313  
  .005233  
  1.03533  
  1.01665  
  .211847  
  .852371  
 1.871099  
  .690741  
 -.399975  
 2.090565  
  .032725  
 3.247921  
 4.570388  
 3.797883  
 2.239094  
 2.808219  
 -.375951  
  .581827  
 2.364034  
 2.264064  
 1.007211  
 1.784687  
  .105068  
   .67073  
  .996621  
 1.241586  
 -.715257  
  .032823  
  3.31811  
 2.381783  
 2.485329  
  .514765  
 1.436966  
 1.207503  
 -.180764  
-1.475809  
 -.306338  
 4.032007  
 1.793682  
-1.248799  
 3.494702  
 2.969038  
 1.923871  
 1.630228  
   .95355  
  .214123  
  .890862  
 2.561865  
  .616103  
  .355486  
 1.509062  
 1.385589  
 1.232057  
  .404271  
 2.997752  
 3.095157  
  .630007  
  -.29038  
-1.042474  
-1.775834  
 3.402407  
-2.768566  
-1.425374  
 4.766626  
 2.561672  
  .675484  
  .199538  
  .589626  
 1.881118  
 1.466802  
 1.203423  
 1.242761  
 1.261554  
  1.65123  
  1.65394  
  .923011  
  .099337  
 1.249109  
 2.169753  
 1.107932  
  .877048  
 1.816169  
  .798141  
   .75159  
 2.322435  
   .59643  
  .913988  
  .887284  
  .633525  
 1.277969  
 -.038016  
 -.937557  
 1.858335  
 2.222262  
 1.440774  
 1.425713  
  .538486  
  .583754  
  .467151  
  .909133  
  .945464  
 1.115733  
  .238556  
 -.533845  
 1.228696  
 2.251954  
 2.811002  
  .612609  
 -.099102  
 1.605926  
 2.590399  
   -.2432  
 2.676434  
  -.65311  
