  -.02863      .0098    -.07715    -.01871     .10761     .02881      .0204      .0042  
   .06105     .06311     .10161     .04679     .04914       .034     .03961       .004  
   .12897    -.00621     .03226     .09136     .00234     .04305     .02704      .0046  
   .14938     .03704     .02557     .15221     .03673     .04315     .02505      .0044  
   .03593     .03571     .07036    -.01453     .00226     .03777     .03401      .0054  
   .06716    -.02095    -.02344     .03226          0    -.01051     .03117      .0047  
   .00138     .04656        .04     .13411     .05793     .02655     .04078      .0045  
    .0221    -.00212    -.02718    -.04822    -.04051    -.04138     .00931      .0047  
  -.02162     .08977    -.00531    -.08585        .02     .05091     .03636      .0043  
   .10497    -.00784    -.06667      .0291     .00593     .05709    -.01131      .0047  
  -.12875     .06126     .11543    -.00386     .04338     .02291     .04271      .0042  
   .00717     .07948     .09021    -.05433    -.01929     .04847     .01519      .0049  
   .05413     .06597    -.00473     .18741      .0913    -.01079     .02815      .0043  
   .06689    -.01629    -.01853     .13249     .01946          0      .0163      .0039  
   .04497     .03755     .03902    -.09276    -.02481     .02516     .01093      .0039  
   .09818    -.00803     .01878    -.03146    -.02763     .04294     .02552      .0046  
   .04857      .0712      .0235    -.00603    -.02016     .00635      .0268      .0042  
   .01158     .04834    -.04989     -.0726     .03498     .02507    -.00828       .004  
  -.01873    -.04657    -.06921     .08586    -.11356    -.05324    -.05381      .0045  
   .03924     .01064     .02615     .06721     .02472     .00049     .03247      .0041  
   .07653     .10027    -.03275     .08852     .10965     .02147     .05299      .0044  
   .04076     .06319     .11719     .03614     .04324     .06456     .01363      .0042  
   .14299     .07494     .08205     .23818     .12144     .07379     .06552      .0041  
   .05339    -.04428    -.03254    -.04941    -.05584     .03841    -.01136      .0046  
   .23449     .04678      .0583     .03548     .04638      .0574     .05345      .0045  
  -.04412    -.00604    -.01059    -.08143     .01887    -.02495    -.00116      .0039  
  -.05962    -.03018     -.0432    -.04522    -.01852     .07481    -.04481      .0043  
   .32515     .11839     .04515      .1694      .1236     .05104      .0423      .0043  
   .02058     .08784          0     .08037     .00153      .0536     .07163      .0049  
   .01915      .0766    -.02832     .04335    -.01985     .03376     .04413      .0037  
   .11968     .08285     .10987     .17175     .00866     .04898     .07652      .0043  
  -.06581    -.10784     .02222    -.03948     -.0495    -.04128    -.03624      .0041  
   .00095     .09207     .06673     .04562     .04963     .04699     .05846      .0044  
  -.01748    -.05051    -.04108    -.07075     .02335    -.04098    -.03448      .0042  
   .08846     .14313    -.04284     .11371      .1525    -.00045      .0305      .0039  
  -.08657    -.00271     .05804    -.04452     .04279     .00307     .01775      .0048  
   .15426     .05622     -.0463    -.05615     .08088    -.03064     .00453      .0043  
   .13615     .00323     .19849     .05962     .04737     .08173     .07322      .0039  
   .05605     .11238    -.01723    -.00539    -.04634     .06078     .05132      .0039  
   .00698     -.0116    -.00554     .11552     .16834     .08041     .01088      .0043  
  -.05895    -.02128     .07421     .01592    -.09082    -.02946    -.02573       .004  
   .27782     .08996    -.07043    -.02287     -.0723     .01241       .032      .0041  
   .01442    -.01252     .08232     .15406    -.01516    -.01576    -.02324       .004  
  -.12735    -.10552    -.18928    -.14834    -.20327    -.06267    -.15763      .0043  
   .14723    -.00172    -.05591     .14095    -.07517     .07927     .06383      .0046  
  -.03805     .09976     .15148     .15564     .06365     .01416     .07436      .0032  
    .1523     .03286     .11375     .11343      .1949     .05284       .062      .0031  
   .13678      .1325     .02415     .11658    -.06796      -.025     .06306      .0038  
   .26183     .02819     .25415     -.0061         .1    -.03932     .03835      .0035  
  -.14214     -.0435    -.07451    -.07247     .06629    -.04665    -.03811      .0035  
     .194     .10629     .05435     .04418    -.11545     .06009     .03787      .0043  
  -.09275    -.04746     .02371     .18018     .02008     .17715     .04897      .0037  
  -.00769    -.03499    -.07125      .1102    -.08268    -.03344    -.02074      .0034  
   .11774     .11125    -.04348     .11422     .05794    -.03443     .05096       .004  
  -.04851     -.0323    -.07386    -.02756    -.10548     .02917    -.03059      .0038  
   .07866     .03039     .09202      -.008      .0068    -.00113       -.01      .0039  
  -.02161     .05876       -.05     -.0286    -.06306    -.03645    -.02284      .0039  
   .02208     .14286     .11917    -.18802     .01923    -.02549     .06205      .0039  
  -.01637    -.03967     .02928      .0502     .05981     .07683     .03687      .0036  
   .28231     .19239     .00955     .04669     .04933     .01576      .0839      .0044  
  -.16167    -.13651     .10834     .04056     .24145     .03569    -.03977      .0041  
  -.08685    -.00935    -.04965    -.08356    -.07745     -.0921     .03178      .0043  
   .18881     .17873     .08874     .14842     .23134     .03485     .05353      .0047  
  -.34353     .01044     .13057    -.05508        .05    -.00321    -.05949      .0046  
  -.10305     .00517    -.24032    -.03583    -.03175     .07807    -.03905       .005  
   .27872     .00593    -.17788     .02037    -.07452    -.05776     .05168       .004  
  -.12734     -.0269    -.01938     .02624    -.00322     .01911    -.01711      .0048  
        0     .14095     .27662     .17514     .00646     .02581     .07636       .005  
  -.13608    -.01471    -.09957    -.14773    -.01766     .09188    -.05112      .0051  
   .14197    -.04984    -.04423    -.12444    -.06373      .0007    -.02455      .0056  
  -.16697    -.09578    -.19517    -.04944    -.19197    -.00838    -.10254      .0051  
  -.24401    -.02956     .02904    -.09091     .00726    -.01207     .02033       .005  
   .40778    -.04083     .05423     .31765     .05227    -.03206     .03954      .0054  
  -.03378     .01131     .00223    -.10687     .01642    -.03161    -.09927      .0039  
  -.07309    -.09634    -.02757    -.03724    -.07593    -.00062    -.07031      .0044  
   .23886     .15934     .05709     .19713     .05769     .09383     .08392      .0039  
   .02111     .00968     .04725    -.02779     .04529     .00666     .01056      .0032  
   .05522     -.0051     .13093     .01073    -.08634    -.01555    -.01748      .0028  
  -.09329    -.10441    -.01166    -.06894    -.08792    -.04385    -.01834       .003  
  -.13809    -.05793    -.13129    -.04866    -.03491    -.03305     -.0591      .0031  
  -.10307    -.08834    -.21644    -.08234    -.26779    -.01868    -.09152      .0028  
   .13641    -.02124    -.03683     .17826    -.00161     .00127     .02799      .0022  
   .10421      .0574     .21491     .07088     .10113    -.04613     .07873      .0017  
   .03177     .04571    -.02213     .04646     .02247      .0508     .01782      .0015  
  -.03834     -.0731     .05226    -.10805     .01641    -.00636    -.01609      .0015  
  -.08429     .04118     .04576    -.08926     .09212     .06351    -.02173      .0015  
   .03377    -.02727       .141     .05993     .00348     .06126     .04469      .0015  
  -.13348    -.15754     .06121    -.19462     .00433     -.0835    -.04966      .0015  
  -.02583      -.013    -.02338    -.03773    -.01165    -.00025    -.01045      .0015  
   .07445    -.06134    -.13998    -.10503    -.17503     .02479    -.07025      .0015  
  -.12285     .10843    -.12909    -.02222     -.0619    -.10166    -.08113      .0015  
   .02293    -.06366     .03888     .07287    -.11562    -.02938     .00799      .0014  
   -.1088    -.17645    -.18721    -.22645    -.03444    -.10014    -.09997      .0014  
   .22245     .02434    -.14524      .3538     .10304     .05517     .07495      .0014  
   .07874     .07406     .20902     .10299     .18683      .0407     .06127      .0012  
  -.10368    -.09513    -.07154    -.10838     -.1665     .00402    -.05331      .0011  
  -.08201    -.04969    -.01438     .00903     .07296    -.02261    -.02344       .001  
   .00211     .04754     -.0567    -.00128    -.02514     .00293    -.01541      .0009  
   .02152     .06029    -.00444     .00616    -.00234     .02734     .01034       .001  
   .05576      .1549     .07228     .08249     .09636     .00715     .08281       .001  
  -.03717    -.02547     -.0061     .03887     .05305     .04119     .06351      .0009  
   .04185     .00592     .01896    -.06293     .00509    -.01346     .01634       .001  
   .03003    -.00837     .03972    -.01515     .10987    -.00919     .02313      .0007  
   .00417     .03973     .11141     .01132    -.06478     .06661     .02491      .0007  
   .04827     .01454    -.00414     .07706     -.0161    -.02918     -.0091      .0008  
  -.05396    -.02684     .04251     .01302     .12246    -.00055     .06034      .0007  
  -.01645    -.01172      .0143     .01363     .01988    -.00355     .01661      .0007  
   .06457     .08755     .24825     .02364     .01949      .1326     .04553      .0008  
   .01023     .08554    -.06966     .07067     .02872    -.00512     .02307      .0007  
  -.04051    -.02706    -.02134     -.0259     .10542     .03996     .01547      .0006  
  -.06031     -.0615     -.0212    -.04829    -.05805    -.01375    -.01069      .0009  
   .04813    -.01868     .00679    -.03996    -.07843     .02308    -.02421      .0008  
   .00383     .03907    -.03226     .00681     .01911      .0228     .01412      .0006  
   .08883     .04756     .02644    -.00497     .08607     .02682     .02157      .0008  
  -.00245     .02623    -.07405    -.01225    -.09415     .04256    -.03768       .001  
  -.03896    -.01383    -.03083    -.02527    -.02772     .00151     .00271      .0011  
   .01282     .03019     .02832      .0124     .00445     .04837     .02056      .0011  
   .01157     .01608    -.09251     .04677      .1184     .01842      .0178      .0011  
   .06864     .03634     .01401     .05203     .06582     .04673     .04826      .0015  
  -.00336     .03846     .03809     .04605     .04315      .0002     .03518      .0016  
