 -.731528  
 -.444905  
 -.462609  
 1.093151  
  .558504  
-1.033779  
  .385756  
  .855624  
        0  
        0  
  .869861  
  .245365  
 -.399425  
        0  
  .006173  
  .637238  
  -.23787  
 -.128625  
  .729924  
  .150535  
 -.030065  
  .293747  
  -.17361  
  .536541  
  .763485  
-1.270044  
  .624895  
  .364807  
  .134556  
 -.152138  
  .117076  
        0  
 -.169864  
  .629254  
  .448857  
 -.558901  
  .541723  
  .097254  
  .199545  
  .345602  
-1.703334  
  .842752  
  .200996  
-1.149516  
 -.485118  
  .296448  
 -.475293  
  .669846  
  .456417  
  .226422  
  .086772  
        0  
 -.377271  
  .492698  
 -.202199  
  .397724  
 -.005738  
  .411224  
 -.416962  
 -.057431  
 -.195836  
-1.099094  
  .605606  
        0  
  .005838  
   .19223  
 -.128059  
  .290499  
  .717858  
  .436367  
  .118252  
 -.293405  
  .135664  
  .976611  
  .493834  
  .217692  
  .389117  
  .677973  
 -.100758  
   .31212  
 -.889335  
   .20397  
   .38917  
 -.074366  
  .507396  
 -.816846  
  .394428  
        0  
        0  
  .804321  
  .347583  
  .793605  
-1.297728  
  .694886  
        0  
  .051414  
  .164117  
 -.071725  
 1.013569  
 -.020041  
  .369275  
 -.464597  
  .958681  
  .147135  
 -.098035  
 1.018493  
   .81676  
  .037618  
  .281098  
-1.972777  
 1.257098  
 -.742156  
   .08202  
-2.225103  
  .634606  
  .802529  
-1.356034  
  .070839  
  .106043  
 -.080771  
 -.380629  
 -.081634  
 -.534397  
  .768683  
 -.111892  
 -.332285  
 -.687934  
 -.959398  
 -.796103  
-2.802872  
  .825941  
 1.199135  
 -.461163  
 -.988681  
 1.128101  
 1.207977  
 -.238922  
 -.141802  
  .272286  
 -.163167  
  .233682  
  .624198  
 1.060788  
 -.052168  
  .312069  
  .206807  
  .180152  
 -.501125  
  .088245  
  .643411  
   .30041  
 1.205965  
  .903541  
-1.499836  
-1.527571  
  .617491  
  -.98179  
 -.870994  
  .302868  
 -.010591  
  .369166  
  .209551  
  .156503  
 -.313571  
  .728175  
  .154462  
  .092414  
  -.14384  
   .16435  
 -.370666  
  .149677  
    -.461  
 -.920986  
  .397102  
 -.583667  
  .583667  
 -.851585  
  .262576  
  .567921  
 -.248547  
 -.026525  
 -.031851  
  .211903  
  -.84311  
  -.16195  
  .382309  
  .527522  
   -.4793  
  .240311  
  .660637  
 -.210313  
 -.429028  
-1.291175  
  .273314  
-1.131686  
  .693554  
-1.563528  
  .785998  
 -.050464  
  .012557  
