-3.545948  
 -.229723  
-4.015879  
 1.559296  
  .812597  
 -.270133  
-2.609492  
  3.45348  
   .70976  
 1.170877  
-1.381201  
   .80336  
  .041175  
 1.244866  
-2.714086  
-1.809664  
 2.780704  
  3.94321  
  .747201  
  -.01692  
 2.390952  
-1.232925  
 1.164061  
-2.082655  
  .726053  
  .111663  
  2.45007  
 -1.56399  
-2.285254  
 -2.45752  
-2.745697  
-2.318639  
-5.106374  
 3.485773  
  .260078  
-2.052459  
-1.754403  
-1.707283  
 1.765085  
-3.751687  
   4.0658  
-2.517996  
  2.31618  
  .604231  
 1.071563  
  -.63902  
 2.234449  
 1.701658  
 -.284156  
 1.497211  
 -.917535  
 -2.37652  
-1.813859  
 5.252497  
 1.149197  
 2.055674  
 4.642063  
 2.666239  
 -.928264  
 1.309588  
 1.202021  
 -.363374  
-1.649004  
 2.084363  
  .037304  
 1.333777  
  .993992  
-1.357428  
  .468533  
-1.337689  
 -.895572  
 1.360239  
 3.216667  
-2.704062  
  .750936  
-1.194688  
-1.759936  
  .783644  
 1.635925  
 1.038637  
 -.859967  
 1.627407  
 -.015498  
 -.398603  
 2.203359  
  .319149  
 -1.61374  
-1.426211  
 1.122486  
 -.522086  
-1.212294  
  .052445  
 2.855676  
-2.137329  
 1.836239  
  .400403  
-2.648734  
-1.708092  
 -.244889  
  1.02875  
 1.406574  
  .666228  
 4.895748  
 3.119652  
-1.016259  
  .901728  
 -.810226  
-1.625736  
  .563505  
  .337555  
 -.254882  
  .308204  
-2.021754  
   .34556  
 1.336388  
-1.914639  
 -.484443  
  .680038  
 2.864897  
-1.701735  
  .854488  
  .849651  
 -1.44288  
  .953763  
  .320726  
 -.451239  
 -.903752  
-1.497391  
 -.054515  
 2.041238  
   .68975  
  .240894  
 -.971938  
 3.017661  
-1.264413  
  .245592  
-1.212339  
 -.002411  
  .538515  
  .597616  
  .795247  
-2.049565  
 -.940818  
-1.921031  
 2.227526  
   .57397  
 1.099941  
 -.263076  
 1.154761  
  .994025  
  .819323  
  .440723  
  .385775  
 1.725737  
 -.342773  
 -.927498  
-1.540342  
 1.870292  
 -.238188  
  .610364  
 2.286883  
 -.973696  
 -2.35787  
 2.087587  
  .613837  
  .830418  
  .077777  
 -.534546  
 -1.43732  
  .101899  
 1.594142  
-2.688741  
  .720461  
  .480454  
 -.623677  
 1.418592  
  .970957  
 -.028881  
 -.624083  
  -.80365  
  .879639  
 -.393983  
  .507859  
 -.528048  
  .302403  
  .230109  
  .122657  
  .324871  
 1.328498  
  .955609  
  .173558  
  .082335  
 -.627888  
 -.261877  
  .794424  
 -.210506  
 1.976812  
-1.335826  
  .979494  
-1.781371  
 1.258449  
 -.601301  
  .099389  
  .394418  
 -.206714  
  .526707  
  .214188  
  -.19918  
  .736907  
 1.060541  
 -.040016  
  .834894  
-1.874574  
  .078724  
 -.530992  
 -.346985  
 -.285773  
  .365129  
  .985608  
-2.249891  
-3.268344  
  .297916  
 -.205983  
  .324454  
  .730076  
  -.68764  
 -.825154  
 2.398175  
  .528365  
  .610383  
 -.317806  
 -.047976  
-3.473303  
  .764908  
   .74798  
 1.020248  
 -.231464  
 1.130179  
  -.25564  
  1.05547  
  .375965  
 2.159063  
 -.594843  
 -.598403  
  .640857  
-2.475257  
  .659167  
-1.658333  
 3.029879  
 -.901515  
 1.892115  
 -2.45512  
  .015141  
 -.190513  
-2.009348  
  .223059  
-1.408505  
 2.614528  
  .224247  
 -.121858  
  .306539  
  1.14176  
 -.255708  
 1.199796  
  1.74075  
  .585351  
  .105872  
 1.265892  
 -.552629  
  .851296  
 1.208026  
  1.09385  
 -.051913  
 1.133927  
  .553342  
 -.145423  
 1.215809  
 1.045592  
 1.038578  
-1.217543  
  .855362  
 1.677815  
 -.861904  
 2.227163  
 1.813659  
 -.906389  
 2.110657  
   .63068  
-1.126181  
 1.667676  
 -.711315  
 -.687584  
  .735878  
  .159027  
  .665518  
 1.555657  
 1.846025  
 -.278093  
  .459637  
 -.329077  
  .344476  
  .505138  
-1.329743  
 1.857744  
  .363394  
  1.23242  
 -.016666  
 1.161619  
 1.715084  
 -.184792  
 -.714818  
  .648274  
  .126558  
-2.445712  
 1.651269  
 1.587451  
 2.261799  
 3.177769  
-1.286482  
 1.698509  
-2.257183  
 -1.70131  
 1.244006  
  1.42257  
 -.790054  
 1.592214  
-2.963306  
 1.304455  
 1.292248  
-1.826951  
 1.617078  
 2.546693  
  1.42497  
 -1.39358  
  .624243  
-1.114143  
  .148572  
  .566743  
-1.986406  
-1.725993  
-1.161175  
 -.444051  
 4.096415  
 -.058886  
  .468618  
  .273224  
 -2.28058  
  .564364  
 3.721374  
  .949136  
  -.12234  
 2.200932  
 -.114113  
 1.439649  
-1.402548  
  .405784  
 3.771559  
   .92616  
 1.494965  
 1.101124  
-2.328017  
-1.492972  
 2.738562  
  1.05204  
-1.164272  
 1.521724  
 2.171125  
 -.730596  
 2.009472  
  .431549  
 2.368011  
 -.833416  
 -1.37514  
 1.773463  
-1.476744  
-1.150101  
-1.311974  
-2.086537  
-2.708199  
 3.815648  
 -.126656  
 6.033483  
 1.442248  
  .600777  
 2.061166  
  .147466  
 1.140498  
 4.027313  
  .606039  
-1.276613  
 3.283708  
 -.026178  
 -.150657  
 2.533993  
  .885511  
-1.446311  
-3.568945  
 2.491975  
-2.640841  
 3.235686  
 -.554789  
 2.838402  
 -.558098  
 2.074148  
  .201862  
-2.388217  
 -.267261  
-2.911436  
  1.39949  
  .090524  
 3.673805  
 -.801676  
 2.928236  
-3.138841  
  -.69573  
-1.095994  
 4.037169  
-4.978087  
 3.580734  
 -.408525  
 2.341853  
 3.230005  
  .750785  
 1.374699  
 1.452354  
  .603319  
 1.216416  
 2.818751  
 -.339014  
 2.458039  
-1.077306  
 1.079088  
-1.328798  
 1.175481  
-1.153821  
  .053228  
  .156813  
-1.785364  
 2.090175  
-1.357638  
  .164584  
 2.914457  
 1.159855  
 1.550177  
 1.907266  
-3.948871  
-1.780305  
-2.825374  
-2.481309  
 1.724864  
-5.133029  
-5.323516  
 3.547612  
 1.087165  
 2.388676  
  -4.1181  
-1.832974  
 7.061895  
 1.339879  
 2.581574  
 3.781348  
  -1.3491  
 3.305285  
  2.44337  
-1.316147  
 -.877438  
 1.832295  
 3.168057  
  .241092  
 3.662881  
 -2.52798  
-1.464103  
 4.348285  
 -3.19514  
 -.750754  
  .736229  
 -.071845  
 2.955104  
  1.48793  
  .362392  
-1.277277  
   .84766  
 4.135983  
-2.200775  
 2.829196  
-1.609972  
   .73279  
 -.536754  
 -.562951  
-2.161832  
 1.970713  
-2.602583  
 3.732682  
-2.071439  
 5.610868  
  .863129  
 1.098499  
-4.456518  
-2.101609  
-2.162876  
 2.084574  
   .67035  
  .868573  
  .663094  
 -.411976  
-1.208762  
 -4.44504  
  .425754  
 4.064206  
-6.862564  
 4.256329  
  4.60041  
  .534181  
 1.867537  
 1.841035  
 -.379058  
 1.170573  
-1.140929  
  .281177  
 2.591684  
  .745326  
-1.908864  
  1.62942  
-1.637051  
-5.798477  
 4.612727  
-2.649996  
-3.002556  
 -.950202  
 5.529881  
-1.005629  
 4.854881  
 4.211282  
-1.908823  
 1.178814  
 -11.1354  
 5.589216  
 1.239378  
 -1.37261  
 -.817922  
 -.990846  
-2.077655  
 6.954133  
-1.384381  
  .514136  
-1.581621  
  .906059  
 1.656762  
 2.079784  
-1.992595  
-4.159105  
 2.986187  
  .607204  
  1.34165  
  .982607  
   .94609  
-1.742508  
-1.938371  
-1.172758  
 -.846385  
-1.934343  
-2.502322  
 1.642706  
-1.249787  
 3.357797  
-4.348496  
    .1273  
-1.915548  
-1.997808  
 4.071889  
-4.306343  
 -.473627  
 1.091309  
-1.674961  
 1.543842  
 1.803069  
  .920121  
 -.405263  
-2.605778  
-1.011364  
-4.371444  
 -.941927  
 -.061598  
-6.956809  
 -.934358  
 1.782532  
-2.787716  
 4.764886  
 4.903557  
  .806886  
 1.076346  
 -1.66705  
 3.648691  
-1.095016  
-1.356695  
  .339718  
-4.082331  
  .900933  
 -.079192  
-2.798561  
 2.085461  
   -.3981  
 -.416276  
  .704912  
 -2.01212  
-2.397091  
 1.956686  
-4.430293  
-4.308214  
-11.70971  
 7.492266  
 2.882339  
 1.874278  
-1.678461  
 2.858662  
-1.588675  
 2.999985  
 1.623792  
  1.02142  
 -.951186  
 1.641636  
-3.087823  
 1.922475  
 1.399037  
  .984782  
-2.321823  
-1.585477  
  .504234  
 -.982504  
-2.342315  
  .723508  
-1.307208  
 3.776072  
 2.833702  
  .158766  
-1.508543  
 -.114107  
-2.172658  
-1.049371  
 1.266462  
-4.438632  
 -.268869  
-1.732784  
 4.775193  
-2.079138  
-1.550966  
-3.782431  
-1.991416  
 -1.81631  
  .068723  
 -.079844  
-7.084127  
-8.329762  
  .598618  
 1.327855  
 5.009847  
 2.191215  
 1.293322  
-2.670157  
 -2.44765  
 -.460833  
 -5.12099  
-2.154606  
-3.291553  
 4.247842  
 5.708326  
  1.48821  
  .368062  
 -.692769  
  1.67246  
 2.251804  
  .617081  
-2.605447  
-2.525513  
   .70355  
 -2.29916  
 3.721302  
 2.067432  
-2.819768  
-4.581162  
 -.663913  
-3.086771  
  .624784  
 1.578111  
 -.831108  
-1.468255  
  .527026  
 7.234829  
-3.671211  
 1.762034  
-1.207696  
 2.869859  
   .58358  
 3.419894  
  .357394  
 1.159937  
-1.180294  
 3.202492  
 2.477386  
  .086016  
  .713605  
-1.974799  
  .966408  
  1.25415  
 -.484068  
  .538154  
-1.872879  
 -.261526  
 1.329112  
   .24096  
 1.494228  
 1.318635  
 -.270586  
 1.719809  
-3.881165  
 3.256813  
  .794043  
  .121307  
-1.006666  
 2.096614  
  .237652  
  -.27192  
-1.445152  
 2.189743  
  .311365  
 1.183734  
 1.342724  
  .661924  
 1.142289  
 1.199831  
 1.589111  
  .150786  
 -.916985  
 1.022926  
  .266542  
 -.148477  
  .072519  
  1.03572  
-3.187195  
 -.967569  
 -.155106  
 3.000398  
 -.218313  
 -.414261  
  .526546  
-2.962982  
 -.779696  
 -.273423  
   -.1955  
 2.449721  
   .16227  
 1.236863  
  -.12767  
 -.051995  
 -.800957  
-1.123241  
-1.031533  
-1.388765  
 1.418723  
 -3.48654  
  .077979  
 3.102207  
  .853993  
  .527596  
  .919762  
  .411105  
-1.647451  
 1.908508  
 -.830661  
 -1.25005  
-1.130714  
 3.096467  
 3.133027  
 1.531723  
 -1.17478  
 1.046338  
  .717833  
  -.26648  
  .520528  
 1.325129  
  .147809  
